XXX031 7200000 598 402 1200 1 F 2015
XXX032 8500000 274 726 1200 2 F 2019
XXX033 10000000	510 490 1600 2 F 2020
XXX034 9300000 897 103 1400 2 F 2022
XXX035 6700000 184 816 1200 1 F 2017
XXX036 7700000 657 343 1200 1 F 2022
XXX037 12000000	329 671 2000 3 F 2011
XXX038 13500000	546 454 1600 2 F 2016
XXX039 16000000	711 289 2000 4 F 2009
XXX040 24000000	415 585 2500 4 F 2022
XXX041 20000000	236 764 1600 2 S 2009
XXX042 15000000	689 311 1200 1 S 2012
XXX043 19000000	453 547 1600 2 S 2022
XXX044 17000000	775 225 1400 1 S 2014
XXX045 23000000	322 678 1800 2 S 2004
XXX046 24000000	584 416 1800 2 S 2008
XXX047 30000000	249 751 2500 4 S 2018
XXX048 35000000	805 195 2500 4 S 2022
XXX049 27000000	109 891 2000 3 S 2018
XXX050 25000000	674 326 2000 3 S 2019
