AND001 25000 125 875 30 40 2 F 2004
AMB002 35000 342 658 40 40 3 F 2010
CHE003 20000 489 256 30 40 2 F 2007
BOR004 15000 601 399 30 40 1 F 2009
AND005 22000 207 793 30 40 2 F 2010
AMB006 37000 874 126 40 40 3 S 2006
CHE007 40000 315 684 40 60 3 S 2020
BOR008 10000 562 437 30 40 1 F 2015
AND009 30000 129 871 40 50 3 F 2019
AMB010 28000 746 254 40 40 2 F 2020
CHE011 12000 398 602 33 33 1 F 2018
BOR012 25000 567 433 40 60 3 F 2013
AND013 33000 287 713 40 60 3 F 2021
AMB014 35000 653 347 40 50 2 S 2018
CHE015 30000 419 581 40 60 2 S 2022
BOR016 21000 802 198 30 40 2 S 2018
AND017 45000 156 844 50 60 3 F 2019
AMB018 41000 724 276 30 60 3 S 2016
CHE019 20000 375 625 30 40 2 F 2011
BOR020 15000 593 407 40 60 2 F 2008
AND021 34000 268 732 40 50 2 F 2009
AMB022 30000 482 518 30 40 2 F 2011
CHE023 35000 841 159 40 60 3 F 2014
BOR024 18000 336 664 33 33 1 F 2013
AND025 40000 570 430 40 60 4 S 2012
AMB026 50000 193 807 60 70 3 S 2020
CHE027 75000 648 352 60 80 4 S 2021
BOR028 26000 427 573 30 40 2 S 2013
AND029 36000 719 281 40 60 2 S 2018
AMB030 22000 365 635 30 40 1 S 2020
