AND 7200000 598 402 60 60 1 F 2015
AMB 8500000 274 726 60 60 2 F 2019
CHE 1000000 510 490 60 80 2 F 2020
BOR 9300000 897 103 30 40 2 F 2022
AND 6700000 184 816 30 50 1 F 2017
AMB 7700000 657 343 40 50 1 F 2022
CHE 12000000 329 671 30 30 3 F 2011
BOR 13500000 546 454 30 50 2 F 2016
AND 16000000 711 289 40 40 4 F 2009
AMB 24000000 415 585 30 40 4 F 2022
CHE 20000000 236 764 40 40 2 S 2009
BOR 15000000 689 311 40 50 1 S 2012
AND 19000000 453 547 30 40 2 S 2022
AMB 17000000 775 225 60 70 1 S 2014
CHE 23000000 322 678 60 60 2 S 2004
BOR 24000000 584 416 40 50 2 S 2008
AND 30000000 249 751 30 50 4 S 2018
AMB 35000000 805 195 40 40 4 S 2022
CHE 27000000 109 891 40 50 3 S 2018
BOR 25000000 674 326 50 50 3 S 2019


