HOUSE
125 875
342 658
489 256
601 399
207 793
874 126
315 684
562 437
129 871
746 254
398 602
567 433
287 713
653 347
419 581
802 198
156 844
724 276
375 625
593 407
268 732
482 518
841 159
336 664
570 430
193 807
648 352
427 573
719 281
365 635
598 402
274 726
510 490
897 103
184 816
657 343
329 671
546 454
711 289
415 585
236 764
689 311
453 547
775 225
322 678
584 416
249 751
805 195
109 891
674 326

Facilities
137 863
294 706
517 483
629 371
248 652
907 143
387 613
578 422
135 865
762 238
416 584
548 452
271 729
635 365
489 511
814 186
197 803
703 297
342 658
591 409
268 732
487 513
835 165
319 681
574 426
249 751
681 319
453 547
794 206
364 636

Plots
257 743
689 311
472 528
816 184
325 675
574 426
198 802
739 261
586 414
241 759
503 497
657 343
348 652
715 285
429 571
682 318
276 724
598 402
364 636
823 177
136 864
489 511
762 238
574 426
301 699
645 355
417 583
568 432
285 715
927 73
193 807
598 402
473 527
816 184
267 733
559 441
342 658
719 281
394 606
537 463
228 772
694 306
451 549
817 183
362 638
589 411
267 733
536 464
781 219
303 697
694 306

Commercial
312 688
526 474
783 217
645 355
298 702
577 423
439 561
684 316
215 785
927 73
368 632
591 409
481 519
836 164
193 807
724 276
549 451
382 618
657 343
426 574
712 288
364 636
528 472
817 183
295 705
648 352
473 527
784 216
561 439
327 673
591 409
268 732
472 528
736 264
315 685
583 417
241 759
689 311
453 547