AMB001 36000000 209 794 30 60 B
BOR002 37500000 563 440 50 50 B
AND003 40000000 215 800 40 50 B
AMB004 12000000 754 457 30 50 B
CHE005 15600000 435 277 40 40 B
AMB006 12000000 373 633 30 40 B   
AND007 36000000 250 483 30 60 B
AND008 34000000 277 457 40 40 B
BOR009 19500000 524 433 30 40 B
CHE010 15000000 410 289 50 25 B
BOR011 30000000 534 418 40 50 B
AMB012 14000000 233 750 40 35 B
AMB013 13000000 236 788 30 40 B
CHE014 17400000 456 264 30 50 B
BOR015 18000000 578 469 60 30 B
AND016 50000000 231 759 50 50 B
AMB017 11000000 762 487 40 25 B
CHE018 19200000 463 244 40 40 B
BOR019 28500000 538 495 50 50 B
CHE020 20400000 461 282 40 40 B
